#ID	Dnu	eDnu	numax	enumax	DP	eDP	evstate	FeH	eFeH	Teff	eTeff	logg	elogg	GLON	GLAT	gA	gA_err	rA	rA_err	iA	iA_err	BA	BA_err	VA	VA_err	BT	BT_err	VT	VT_err	G	G_err	GBPbr	GBPbr_err	GBPft	GBPft_err	GRP	GRP_err	J	J_err	H	H_err	K	K_err	W1	W1_err	W2	W2_err	Av_min	Av_max	Lum	Lum_err	par	par_err
Ariel-1	59.2	0.6	1115.0	110.0	-99.9	-99.9	0	0.28	0.02	6575.0	34.0	4.084529700201815	0.1	-99.9	-99.9	-99.9	-99.9	-99.9	-99.9	-99.9	-99.9	-99.9	-99.9	-99.9	-99.9	-99.9	-99.9	-99.9	-99.9	-99.9	-99.9	-99.9	-99.9	-99.9	-99.9	-99.9	-99.9	-99.9	-99.9	-99.9	-99.9	-99.9	-99.9	-99.9	-99.9	-99.9	-99.9	-99.9	-99.9	6.201	0.146	-99.9	-99.9
Ariel-2	180.6	0.6	-99.9	-99.9	-99.9	-99.9	0	0.12	0.05	4692.0	97.0	4.496204267188366	0.1	-99.9	-99.9	-99.9	-99.9	-99.9	-99.9	-99.9	-99.9	-99.9	-99.9	-99.9	-99.9	-99.9	-99.9	-99.9	-99.9	-99.9	-99.9	-99.9	-99.9	-99.9	-99.9	-99.9	-99.9	-99.9	-99.9	-99.9	-99.9	-99.9	-99.9	-99.9	-99.9	-99.9	-99.9	-99.9	-99.9	0.254	0.015	-99.9	-99.9
Ariel-3	83.44	0.15	-99.9	-99.9	-99.9	-99.9	0	0.22	0.02	6069.0	22.0	4.19679834114099	0.1	-99.9	-99.9	-99.9	-99.9	-99.9	-99.9	-99.9	-99.9	-99.9	-99.9	-99.9	-99.9	-99.9	-99.9	-99.9	-99.9	-99.9	-99.9	-99.9	-99.9	-99.9	-99.9	-99.9	-99.9	-99.9	-99.9	-99.9	-99.9	-99.9	-99.9	-99.9	-99.9	-99.9	-99.9	-99.9	-99.9	2.763	0.068	-99.9	-99.9
Ariel-4	67.0	1.87	1300.0	58.0	-99.9	-99.9	0	0.53	0.03	5761.0	41.0	4.13026741140827	0.1	-99.9	-99.9	-99.9	-99.9	-99.9	-99.9	-99.9	-99.9	-99.9	-99.9	-99.9	-99.9	-99.9	-99.9	-99.9	-99.9	-99.9	-99.9	-99.9	-99.9	-99.9	-99.9	-99.9	-99.9	-99.9	-99.9	-99.9	-99.9	-99.9	-99.9	-99.9	-99.9	-99.9	-99.9	-99.9	-99.9	2.812	0.074	-99.9	-99.9
Ariel-5	99.86	2.48	2114.0	38.0	-99.9	-99.9	0	0.04	0.02	6377.0	27.0	4.318170173649524	0.1	-99.9	-99.9	-99.9	-99.9	-99.9	-99.9	-99.9	-99.9	-99.9	-99.9	-99.9	-99.9	-99.9	-99.9	-99.9	-99.9	-99.9	-99.9	-99.9	-99.9	-99.9	-99.9	-99.9	-99.9	-99.9	-99.9	-99.9	-99.9	-99.9	-99.9	-99.9	-99.9	-99.9	-99.9	-99.9	-99.9	2.482	0.078	-99.9	-99.9
Ariel-6	18.46	0.26	245.65	3.51	-99.9	-99.9	0	-0.01	0.02	4828.0	33.0	3.395973615586504	0.1	-99.9	-99.9	-99.9	-99.9	-99.9	-99.9	-99.9	-99.9	-99.9	-99.9	-99.9	-99.9	-99.9	-99.9	-99.9	-99.9	-99.9	-99.9	-99.9	-99.9	-99.9	-99.9	-99.9	-99.9	-99.9	-99.9	-99.9	-99.9	-99.9	-99.9	-99.9	-99.9	-99.9	-99.9	-99.9	-99.9	7.162	0.278	-99.9	-99.9
Ariel-7	56.4	1.7	-99.9	-99.9	-99.9	-99.9	0	0.19	0.03	6213.0	41.0	4.029331951705453	0.1	-99.9	-99.9	-99.9	-99.9	-99.9	-99.9	-99.9	-99.9	-99.9	-99.9	-99.9	-99.9	-99.9	-99.9	-99.9	-99.9	-99.9	-99.9	-99.9	-99.9	-99.9	-99.9	-99.9	-99.9	-99.9	-99.9	-99.9	-99.9	-99.9	-99.9	-99.9	-99.9	-99.9	-99.9	-99.9	-99.9	5.838	0.207	-99.9	-99.9
Ariel-8	9.4	0.1	107.0	3.2	-99.9	-99.9	0	0.35	0.06	4619.0	113.0	3.090277555290033	0.1	-99.9	-99.9	-99.9	-99.9	-99.9	-99.9	-99.9	-99.9	-99.9	-99.9	-99.9	-99.9	-99.9	-99.9	-99.9	-99.9	-99.9	-99.9	-99.9	-99.9	-99.9	-99.9	-99.9	-99.9	-99.9	-99.9	-99.9	-99.9	-99.9	-99.9	-99.9	-99.9	-99.9	-99.9	-99.9	-99.9	15.675	1.157	-99.9	-99.9
Ariel-9	179.6	0.8	4538.0	144.0	-99.9	-99.9	0	-0.56	0.02	5067.0	25.0	4.490092741642865	0.1	-99.9	-99.9	-99.9	-99.9	-99.9	-99.9	-99.9	-99.9	-99.9	-99.9	-99.9	-99.9	-99.9	-99.9	-99.9	-99.9	-99.9	-99.9	-99.9	-99.9	-99.9	-99.9	-99.9	-99.9	-99.9	-99.9	-99.9	-99.9	-99.9	-99.9	-99.9	-99.9	-99.9	-99.9	-99.9	-99.9	0.396	0.009	-99.9	-99.9
Ariel-10	141.2	0.4	-99.9	-99.9	-99.9	-99.9	0	0.01	0.01	5875.0	13.0	4.450059048808853	0.1	-99.9	-99.9	-99.9	-99.9	-99.9	-99.9	-99.9	-99.9	-99.9	-99.9	-99.9	-99.9	-99.9	-99.9	-99.9	-99.9	-99.9	-99.9	-99.9	-99.9	-99.9	-99.9	-99.9	-99.9	-99.9	-99.9	-99.9	-99.9	-99.9	-99.9	-99.9	-99.9	-99.9	-99.9	-99.9	-99.9	1.149	0.025	-99.9	-99.9
